000000084801
000000266160
000000276064
000000271829
000000154478
000000211406
000000313675
000000084060
000000320785
000000020702
000000040855
000000345168
000000485265
000000356866
000000297299
000000040458
000000245062
000000370650
000000246040
000000461620
000000308115
000000005713
000000030608
000000147128
000000171239
000000185479
000000355697
000000182118
000000099785
000000390539
000000052819
000000148146
000000443188
000000441824
000000431865
000000206560
000000219200
000000542200
000000276124
000000391638
000000109539
000000242301
000000179770
000000051461
000000133294
000000057794
000000171943
000000103536
000000128140
000000145718
000000379193
000000036048
000000019491
000000114034
000000328688
000000016897
000000025990
000000229383
000000395974
000000417023
000000135989
000000078871
000000349754
000000110514
000000426070
000000199112
000000059972
000000537765
000000012147
000000394905
000000128929
000000518410
000000037519
000000340069
000000112253
000000220799
000000005906
000000435495
000000269058
000000321223
000000210773
000000236759
000000310020
000000086248
000000450355
000000018896
000000454269
000000381923
000000370816
000000191945
000000520554
000000315964
000000196931
000000344599
000000239052
000000537235
000000158757
000000497049
000000467858
000000158680
000000044476
000000524709
000000392087
000000498940
000000094607
000000298949
000000425369
000000186083
000000293125
000000489785
000000390806
000000102532
000000422676
000000178691
000000528046
000000000436
000000028875
000000442232
000000395893
000000405197
000000028889
000000063426
000000138401
000000131277
000000226348
000000095319
000000327481
000000294692
000000073647
000000475208
000000097614
000000054295
000000426165
000000483089
000000353787
000000317874
000000473658
000000364293
000000421253
000000299122
000000017425
000000289795
000000279058
000000179415
000000056416
000000226173
000000151130
000000075608
000000001407
000000528108
000000084174
000000319388
000000034439
000000105470
000000341399
000000330174
000000236354
000000178000
000000308803
000000084735
000000207774
000000300962
000000194907
000000494599
000000540775
000000089248
000000004834
000000108313
000000333626
000000519055
000000464087
000000282264
000000359232
000000230044
000000192825
000000515216
000000128462
000000342650
000000025998
000000284015
000000175946
000000214199
000000004386
000000031738
000000476125
000000127704
000000235351
000000349090
000000485909
000000550431
000000251365
000000178789
000000050179
000000357383
000000510570
000000052314
000000350640
000000241124
000000276590
000000250597
000000427377
000000500018
000000470243
000000229494
000000074656
000000104188
000000448105
000000180650
000000548561
000000408039
000000071691
000000037646
000000432637
000000380271
000000499396
000000195411
000000189127
000000053722
000000397857
000000225987
000000407259
000000005638
000000091387
000000381332
000000024971
000000314371
000000300631
000000010393
000000039682
000000315381
000000009960
000000358185
000000284465
000000338375
000000200348
000000093156
000000125374
000000144252
000000111385
000000225402
000000449179
000000130314
000000468121
000000092206
000000420532
000000130291
000000483476
000000404114
000000047489
000000145606
000000404005
000000326618
000000396385
000000173149
000000537408
000000166392
000000062896
000000224596
000000286362
000000073584
000000479474
000000186275
000000540989
000000410005
000000356011
000000340622
000000133090
000000006593
000000150640
000000193213
000000430054
000000048680
000000326014
000000080016
000000048789
000000510246
000000441009
000000099724
000000370209
000000456696
000000185351
000000210751
000000284902
000000269015
000000307332
000000378778
000000176595
000000544615
000000479808
000000119036
000000023587
000000196212
000000247416
000000239930
000000037956
